=========================== Task 5
(1, 2)
(2, 1)
(3, 3)
(4, 4)
(5, 9)
(6, 12)
(7, 18)
(8, 32)
(9, 33)
(10, 53)
(11, 45)
(12, 33)
(13, 48)
(14, 65)
(15, 37)
(16, 51)
(17, 39)
(18, 43)
(19, 34)
(20, 38)
(21, 44)
(22, 43)
(23, 25)
(24, 22)
(25, 23)
(26, 18)
(27, 17)
(28, 21)
(29, 8)
(30, 13)
(31, 16)
(32, 17)
(33, 10)
(34, 8)
(35, 10)
(36, 8)
(37, 9)
(38, 13)
(39, 8)
(40, 8)
(41, 6)
(42, 10)
(43, 4)
(44, 8)
(45, 9)
(46, 4)
(47, 4)
(48, 7)
(49, 8)
(50, 5)
(51, 8)
(52, 5)
(53, 1)
(54, 2)
(55, 3)
(56, 1)
(57, 2)
(58, 2)
(59, 1)
(60, 4)
(61, 4)
(62, 3)
(63, 4)
(64, 3)
(65, 6)
(66, 2)
(67, 3)
(69, 4)
(70, 2)
(71, 2)
(72, 1)
(73, 2)
(74, 2)
(76, 6)
(77, 1)
(78, 3)
(79, 2)
(81, 1)
(82, 4)
(83, 1)
(85, 1)
(86, 2)
(88, 2)
(90, 2)
(92, 1)
(93, 3)
(94, 1)
(97, 1)
(98, 1)
(99, 1)
(100, 1)
(101, 3)
(102, 3)
(103, 2)
(105, 2)
(106, 1)
(107, 2)
(111, 1)
(112, 2)
(114, 2)
